0	0	1	141.054	164.7	1
1	0	1	141.054	164.7	1
2	0	1	141.799	165.354	1
3	0	1	142.296	165.38	1
4	0	1	143.78	165.816	1
5	0	1	146.679	166.37	1
6	0	1	148.786	166.018	1
7	0	1	148.525	165.27	1
8	0	1	147.16	164.25	1
9	0	1	147.097	164.205	0
10	0	1	141.137	163.034	1
11	0	1	137.929	161.763	1
12	0	1	135.77	161.586	1
13	0	1	134.798	161.806	1
14	0	1	134.059	162.166	1
15	0	1	132.225	163.073	1
16	0	1	129.537	164.49	1
17	0	1	128.724	164.863	1
18	0	1	128.476	165.012	1
19	0	1	128.465	165.02	0
20	0	1	132.885	165.322	1
21	0	1	137.044	164.153	1
22	0	1	144.135	162.629	1
23	0	1	149.849	161.373	1
24	0	1	152.809	160.034	1
25	0	1	155.195	158.903	1
26	0	1	158.271	158.583	1
27	0	1	159.029	158.228	1
28	0	1	160.131	157.847	1
29	0	1	161.187	157.773	1
30	0	1	162.915	157.464	1
31	0	1	164.075	157.002	1
32	0	1	164.519	156.51	1
33	0	1	165.447	156.065	1
34	0	1	167.958	155.747	1
38	0	1	183.117	153.015	1
39	0	1	188.126	153.12	1
40	0	1	190.261	153.38	1
41	0	1	194.062	154.609	1
42	0	1	199.567	157.675	1
43	0	1	206.364	161.04	1
44	0	1	212.064	163.719	1
45	0	1	215.878	166.161	1
46	0	1	218.378	168.175	1
47	0	1	222.316	171.464	1
48	0	1	225.128	173.986	1
49	0	1	227.776	176.399	1
50	0	1	229.353	178.051	1
51	0	1	233.979	179.974	1
52	0	1	235.162	180.047	1
59	0	1	232.221	168.987	1
60	0	1	228.32	165.088	1
61	0	1	222.07	160.702	1
62	0	1	220.143	158.29	1
63	0	1	218.624	156.979	1
64	0	1	216.8	155.817	1
65	0	1	216.725	155.769	0
66	0	1	216.745	155.782	0
67	0	1	223.483	152.46	1
68	0	1	223.853	152.279	0
69	0	1	231.193	145.872	1
70	0	1	232.74	142.537	1
71	0	1	234.66	140.633	1
72	0	1	237.249	138.404	1
73	0	1	237.358	136.476	1
74	0	1	236.727	135.345	1
75	0	1	236.041	134.196	1
76	0	1	236.681	133.068	1
77	0	1	237.253	131.419	1
78	0	1	237.249	129.404	1
79	0	1	236.754	127.483	1
80	0	1	236.854	125.025	1
81	0	1	238.396	122.175	1
82	0	1	239.839	119.219	1
83	0	1	239.714	115.991	1
84	0	1	239.602	112.133	1
85	0	1	242.482	107.106	1
86	0	1	243.286	100.884	1
87	0	1	241.639	92.2831	1
88	0	1	241.316	86.208	1
89	0	1	242.93	80.8137	1
90	0	1	243.768	77.1495	1
91	0	1	244.346	74.1117	1
92	0	1	243.899	72.0951	1
93	0	1	243.291	70.3586	1
94	0	1	243.515	68.6614	1
95	0	1	241.086	66.255	1
96	0	1	235.711	62.9654	1
97	0	1	231.059	58.8218	1
98	0	1	228.511	54.8587	1
99	0	1	226.267	52.081	1
100	0	1	224.181	50.9186	1
101	0	1	223.619	51.0296	1
102	0	1	222.01	50.5912	1
103	0	1	219.505	50.8322	1
104	0	1	218.125	50.4738	1
105	0	1	217.211	51.2852	1
106	0	1	214.096	52.503	1
114	0	1	199.771	64.5568	1
115	0	1	200.715	68.2604	1
116	0	1	201.982	71.7452	1
117	0	1	203.166	74.2864	1
118	0	1	204.911	77.1979	1
119	0	1	208.312	81.9805	1
120	0	1	210.423	85.5788	1
121	0	1	212.532	88.8807	1
122	0	1	214.211	90.5636	1
123	0	1	216.86	92.7956	1
124	0	1	220.412	95.7493	1
125	0	1	222.478	97.2977	1
126	0	1	225.6	99.0848	1
127	0	1	229.388	100.823	1
128	0	1	232.14	102.414	1
129	0	1	235.26	104.651	1
130	0	1	239.627	107.783	1
131	0	1	245.951	111.531	1
132	0	1	252.908	115.912	1
133	0	1	257.888	119.636	1
134	0	1	260.483	122.198	1
135	0	1	264.287	126.308	1
136	0	1	268.239	131.027	1
137	0	1	269.638	134.636	1
138	0	1	274.344	141.019	1
139	0	1	276.409	145.012	1
140	0	1	278.505	148.944	1
141	0	1	281.201	154.118	1
142	0	1	285.441	159.49	1
143	0	1	290.585	164.337	1
144	0	1	295.685	169.475	1
145	0	1	299.591	174.336	1
146	0	1	301.475	177.772	1
147	0	1	304.314	182.314	1
148	0	1	306.179	186.362	1
149	0	1	307.348	189.852	1
150	0	1	307.867	191.318	1
151	0	1	305.31	189.604	1
152	0	1	302.315	188.661	1
153	0	1	299.796	189.396	1
154	0	1	299.245	190.028	1
155	0	1	299.281	190.57	1
156	0	1	299.757	191.24	1
157	0	1	300.516	191.703	1
158	0	1	300.603	191.647	1
159	0	1	300.598	192.286	1
160	0	1	300.384	192.512	1
161	0	1	300.737	192.819	1
162	0	1	301.144	193.051	1
163	0	1	300.564	193.163	1
164	0	1	299.953	193.358	1
165	0	1	299.862	193.871	1
166	0	1	299.655	193.787	1
167	0	1	299.703	193.466	1
168	0	1	298.558	192.759	1
169	0	1	295.361	191.891	1
170	0	1	288.087	190.175	1
171	0	1	283.001	188.093	1
172	0	1	279.426	186.651	1
173	0	1	276.324	185.593	1
174	0	1	273.73	184.702	1
175	0	1	271.73	185.137	1
176	0	1	266.576	186.014	1
177	0	1	261.439	187.119	1
178	0	1	257.377	187.715	1
179	0	1	251.527	189.19	1
180	0	1	244.302	191.137	1
181	0	1	238.747	192.26	1
182	0	1	233.338	193.444	1
183	0	1	229.244	194.11	1
184	0	1	226.977	194.098	1
185	0	1	222.672	194.886	1
186	0	1	220.236	194.819	1
187	0	1	218.228	193.955	1
188	0	1	215.58	192.889	1
197	0	1	249.038	157.186	1
198	0	1	250.916	155.089	1
199	0	1	252.038	152.098	1
200	0	1	252.745	150.323	1
201	0	1	253.176	146.917	1
202	0	1	253.236	144.28	1
203	0	1	254.213	141.517	1
204	0	1	255.039	139.263	1
205	0	1	255.679	136.878	1
206	0	1	256.694	133.859	1
207	0	1	256.003	130.662	1
208	0	1	256.645	128.337	1
209	0	1	256.697	128.252	0
210	0	1	260.626	120.634	1
211	0	1	259.287	113.53	1
212	0	1	258.992	107.637	1
213	0	1	261.369	101.976	1
214	0	1	264.171	97.286	1
215	0	1	264.47	92.8771	1
216	0	1	263.776	87.8141	1
217	0	1	265.532	83.3581	1
218	0	1	267.34	79.6404	1
219	0	1	268.58	77.1989	1
220	0	1	269.404	74.6912	1
221	0	1	269.826	72.1074	1
222	0	1	270.722	69.7124	1
223	0	1	271.728	67.3975	1
224	0	1	272.724	64.4271	1
225	0	1	273.451	63.2609	1
226	0	1	273.045	62.6284	1
227	0	1	269.558	62.3317	1
228	0	1	268.035	62.1999	1
229	0	1	271.196	60.8661	1
230	0	1	269.654	57.4329	1
231	0	1	269.68	57.104	1
232	0	1	267.158	52.7255	1
233	0	1	264.608	49.1015	1
234	0	1	265.145	46.4813	1
235	0	1	265.171	45.0623	1
236	0	1	264.281	44.4704	1
237	0	1	263.799	43.8226	1
238	0	1	262.851	43.7846	1
239	0	1	262.777	43.82	1
240	0	1	263.002	43.1364	1
241	0	1	263.247	42.5728	1
242	0	1	263.259	42.568	1
243	0	1	263.285	41.8725	1
244	0	1	263.265	43.3835	1
245	0	1	263.488	44.2808	1
249	0	1	275.663	50.9379	1
250	0	1	276.972	51.7733	1
251	0	1	278.576	53.8	1
252	0	1	279.712	56.0716	1
253	0	1	282.635	60.4799	1
254	0	1	286.531	65.8297	1
255	0	1	289.471	69.665	1
256	0	1	293.99	75.0508	1
257	0	1	297.653	79.946	1
258	0	1	302.928	86.4504	1
259	0	1	308.603	93.985	1
260	0	1	312.122	100.345	1
261	0	1	314.023	105.668	1
262	0	1	316.49	112.936	1
263	0	1	317.21	117.941	1
264	0	1	319.673	126.467	1
265	0	1	324.476	137.315	1
266	0	1	327.989	146.661	1
267	0	1	331.064	156.248	1
268	0	1	335.036	164.875	1
269	0	1	338.797	173.288	1
270	0	1	340.633	181.689	1
271	0	1	341.79	186.245	1
272	0	1	342.564	187.633	1
273	0	1	341.851	187.568	1
274	0	1	340.113	187.455	1
275	0	1	337.084	186.731	1
276	0	1	334.567	186.675	1
277	0	1	333.46	186.518	1
278	0	1	332.867	186.268	1
279	0	1	332.419	186.568	1
280	0	1	331.962	186.661	1
281	0	1	331.457	186.744	1
282	0	1	331.533	186.732	1
283	0	1	331.783	186.65	1
284	0	1	331.882	187.016	1
285	0	1	331.661	186.877	1
286	0	1	331.144	186.993	1
287	0	1	331.049	187.262	1
288	0	1	331.599	187.912	1
289	0	1	332.31	188.196	1
290	0	1	332.393	188.172	1
291	0	1	331.999	188.111	1
292	0	1	331.832	188.24	1
293	0	1	332.296	187.907	1
294	0	1	330.498	186.644	1
295	0	1	327.542	185.631	1
296	0	1	327.415	185.596	0
297	0	1	316.637	179.78	1
298	0	1	313.408	177.142	1
299	0	1	310.578	175.093	1
300	0	1	305.771	172.096	1
301	0	1	305.407	171.735	1
302	0	1	303.59	171.28	1
303	0	1	301.79	170.785	1
304	0	1	301.217	171.124	1
305	0	1	298.713	171.6	1
306	0	1	294.434	172.009	1
307	0	1	290.393	172.517	1
308	0	1	281.354	174.122	1
309	0	1	275.668	175.147	1
310	0	1	270.687	176.013	1
311	0	1	266.702	176.761	1
312	0	1	262.824	177.968	1
313	0	1	259.111	179.755	1
314	0	1	252.674	182.567	1
315	0	1	246.107	184.739	1
316	0	1	241.601	185.666	1
317	0	1	235.561	186.687	1
318	0	1	229.952	187.592	1
319	0	1	225.641	187.837	1
320	0	1	221.334	187.937	1
321	0	1	217.232	188.175	1
322	0	1	213.243	188.168	1
323	0	1	208.897	188.235	1
324	0	1	206.494	188.405	1
325	0	1	203.138	188.029	1
326	0	1	201.9	187.169	1
327	0	1	200.582	186.204	1
328	0	1	200.515	186.164	0
329	0	1	200.533	186.174	0
330	0	1	203.613	180.436	1
331	0	1	207.341	178.149	1
332	0	1	211.048	175.763	1
333	0	1	214.289	172.726	1
334	0	1	215.909	171.056	1
335	0	1	216.505	169.951	1
339	0	1	215.858	157.574	1
340	0	1	217.5	154.701	1
341	0	1	217.262	152.493	1
342	0	1	217.001	150.376	1
343	0	1	218.799	147.091	1
344	0	1	220.269	144.837	1
345	0	1	220.9	141.503	1
346	0	1	221.185	138.728	1
347	0	1	221.704	137.943	1
348	0	1	222.803	136.85	1
349	0	1	224.27	135.287	1
350	0	1	217.614	132	1
351	0	1	215.933	127.518	1
352	0	1	215.371	122.005	1
353	0	1	213.805	118.086	1
354	0	1	212.673	116.009	1
355	0	1	211.265	113.681	1
356	0	1	211.39	111.697	1
357	0	1	211.51	110.082	1
361	0	1	203.447	107.039	1
362	0	1	197.324	103.885	1
363	0	1	192.927	101.792	1
364	0	1	189.902	100.749	1
365	0	1	186.983	99.9826	1
366	0	1	183.789	99.4931	1
367	0	1	180.91	99.4077	1
368	0	1	179.431	99.5858	1
369	0	1	173.282	100.567	1
370	0	1	165.65	102.214	1
371	0	1	159.047	104.342	1
372	0	1	151.333	106.893	1
373	0	1	146.057	108.686	1
374	0	1	140.545	111.801	1
375	0	1	136.963	114.553	1
376	0	1	131.902	118.748	1
377	0	1	127.336	125.05	1
378	0	1	120.837	133.976	1
379	0	1	111.8	143.731	1
380	0	1	105.19	152.772	1
381	0	1	100.245	161.018	1
382	0	1	95.2159	168.289	1
383	0	1	91.0968	175.584	1
384	0	1	86.9312	184.795	1
385	0	1	84.5312	188.255	1
386	0	1	81.5208	190.292	1
387	0	1	77.9256	191.606	1
388	0	1	77.1085	191.503	1
389	0	1	76.8839	191.472	1
390	0	1	75.8022	191.469	1
391	0	1	75.4061	190.852	1
392	0	1	74.1481	189.547	1
393	0	1	75.7637	187.679	1
394	0	1	75.3361	186.037	1
395	0	1	74.1166	184.177	1
396	0	1	72.5199	182.648	1
397	0	1	72.0824	181.312	1
398	0	1	71.4059	179.862	1
402	0	1	80.2939	172.444	1
403	0	1	81.9692	170.191	1
404	0	1	84.9716	168.427	1
405	0	1	87.5692	167.911	1
406	0	1	88.0893	167.521	1
407	0	1	88.5233	167.433	1
408	0	1	90.3386	167.555	1
409	0	1	93.0799	167.069	1
410	0	1	95.2374	166.951	1
411	0	1	97.8388	167.575	1
412	0	1	99.6635	168.372	1
416	0	1	119.077	172.601	1
417	0	1	122.206	173.553	1
418	0	1	126.16	174.896	1
419	0	1	129.716	176.306	1
420	0	1	132.952	177.94	1
421	0	1	134.435	178.407	1
422	0	1	135.881	178.729	1
423	0	1	137.755	179.365	1
424	0	1	140.125	179.628	1
425	0	1	140.702	178.864	1
426	0	1	140.46	177.261	1
427	0	1	139.784	175.997	1
428	0	1	139.382	174.57	1
429	0	1	136.833	172.318	1
430	0	1	135.374	170.559	1
431	0	1	133.861	169.378	1
432	0	1	132.991	168.259	1
433	0	1	131.88	167.253	1
434	0	1	129.73	165.772	1
435	0	1	129.063	164.918	1
436	0	1	128.391	164.439	1
437	0	1	130.686	164.214	1
438	0	1	133.084	164.065	1
439	0	1	135.426	163.253	1
440	0	1	137.93	162.154	1
441	0	1	139.914	161.105	1
442	0	1	141.84	160.642	1
443	0	1	143.55	160.346	1
444	0	1	145.241	161.189	1
445	0	1	147.211	162.278	1
449	0	1	164.75	167.301	1
450	0	1	168.045	168.134	1
451	0	1	170.64	168.823	1
452	0	1	172.988	169.508	1
453	0	1	174.609	170.191	1
454	0	1	176.409	171.022	1
455	0	1	178.111	171.824	1
456	0	1	180.18	172.636	1
457	0	1	180.932	172.855	1
458	0	1	181.555	173.048	1
459	0	1	182.529	173.3	1
460	0	1	183.99	173.277	1
461	0	1	184.738	173.055	1
462	0	1	187.468	172.829	1
463	0	1	187.611	172.821	0
464	0	1	187.112	169.346	1
468	0	1	180.677	160.402	1
469	0	1	177.125	157.343	1
470	0	1	173.955	154.325	1
471	0	1	173.822	153.412	1
472	0	1	173.478	151.698	1
476	0	1	173.974	144.192	1
477	0	1	173.5	143.353	1
478	0	1	173.792	142.73	1
479	0	1	175.862	141.694	1
483	0	1	189.245	139.921	1
484	0	1	194.535	140.352	1
485	0	1	198.19	141.124	1
486	0	1	201.293	142.292	1
487	0	1	206.443	145.64	1
488	0	1	212.895	150.875	1
489	0	1	216.337	153.831	1
490	0	1	220.039	157.013	1
491	0	1	220.263	157.204	1
492	0	1	224.53	160.789	1
493	0	1	228.539	163.666	1
494	0	1	229.97	165.126	1
495	0	1	231.753	167.123	1
496	0	1	232.788	168.345	1
497	0	1	234.408	169.526	1
498	0	1	234.771	170.352	1
499	0	1	234.912	170.861	1
500	0	1	235.694	171.469	1
501	0	1	236.114	171.714	1
502	0	1	236.284	171.759	1
503	0	1	235.804	171.847	1
504	0	1	235.776	171.851	0
505	0	1	233.429	171.358	1
506	0	1	231.542	170.789	1
507	0	1	230.441	170.14	1
508	0	1	228.961	169.365	1
509	0	1	228.439	169.049	1
510	0	1	228.315	168.717	1
511	0	1	226.55	168.512	1
518	0	1	243.273	158.798	1
519	0	1	248.155	156.567	1
520	0	1	252.373	154.524	1
521	0	1	256.447	152.306	1
525	0	1	265.778	137.342	1
526	0	1	267	133.5	1
527	0	1	267.499	130.224	1
528	0	1	267.108	126.036	1
529	0	1	266.977	122.462	1
530	0	1	267.849	119.433	1
531	0	1	267.866	116.505	1
532	0	1	266.477	113.179	1
533	0	1	265.803	109.633	1
534	0	1	266.279	106.427	1
535	0	1	267.684	102.701	1
536	0	1	265.501	99.5133	1
537	0	1	261.807	95.5642	1
538	0	1	258.394	91.425	1
539	0	1	255.881	86.156	1
540	0	1	252.84	81.7726	1
541	0	1	252.879	79.5751	1
542	0	1	252.698	77.8195	1
544	0	1	253.652	76.2381	1
545	0	1	255.7	76.4237	1
546	0	1	255.225	76.5751	1
547	0	1	253.88	76.8347	1
548	0	1	252.824	76.6453	1
549	0	1	251.886	76.6726	1
550	0	1	251.161	77.1445	1
551	0	1	249.768	77.9461	1
552	0	1	250.566	78.3208	1
553	0	1	247.422	79.6099	1
554	0	1	244	81.4286	1
555	0	1	241.492	83.2572	1
556	0	1	237.839	85.5173	1
557	0	1	233.253	89.4956	1
558	0	1	230.649	93.0406	1
559	0	1	228.364	96.9489	1
560	0	1	225.289	100.815	1
561	0	1	222.614	104.726	1
562	0	1	219.517	109.003	1
563	0	1	212.18	113.563	1
564	0	1	206.009	117.039	1
565	0	1	201.629	120.584	1
566	0	1	199.029	123.2	1
567	0	1	196.761	126.192	1
568	0	1	194.59	129.288	1
569	0	1	191.521	133.666	1
570	0	1	189.833	137.687	1
571	0	1	187.754	141.405	1
572	0	1	186.344	144.193	1
573	0	1	184.944	146.747	1
574	0	1	184.968	148.715	1
575	0	1	184.168	150.766	1
576	0	1	183.757	152.245	1
577	0	1	182.96	153.982	1
578	0	1	182.248	155.713	1
579	0	1	181.692	157.409	1
580	0	1	182.936	158.685	1
581	0	1	185.45	159.789	1
582	0	1	187.482	161.686	1
583	0	1	190.736	164.433	1
584	0	1	193.032	166.278	1
585	0	1	194.272	166.632	1
586	0	1	195.946	167.867	1
587	0	1	197.994	169.586	1
588	0	1	200.556	171.754	1
589	0	1	203	173.682	1
590	0	1	205.365	175.133	1
591	0	1	206.807	175.061	1
592	0	1	210.481	175.949	1
593	0	1	213.208	176.354	1
594	0	1	214.407	175.95	1
595	0	1	215.819	175.491	1
596	0	1	217.651	174.87	1
597	0	1	217.869	173.487	1
598	0	1	217.855	173.42	0
599	0	1	216.56	169.68	1
600	0	1	214.927	166.839	1
601	0	1	213.835	164.56	1
602	0	1	213.723	162.186	1
603	0	1	213.59	160.415	1
604	0	1	210.626	158.436	1
608	0	1	202.484	150.182	1
609	0	1	199.655	148.591	1
610	0	1	198.246	146.656	1
611	0	1	196.754	144.592	1
618	0	1	171.728	116.374	1
619	0	1	170.971	111.074	1
620	0	1	168.747	106.231	1
621	0	1	166.019	101.736	1
622	0	1	165.855	101.489	1
623	0	1	164.676	98.1107	1
624	0	1	164.769	93.1907	1
625	0	1	164.18	89.8345	1
626	0	1	162.627	86.2181	1
627	0	1	160.78	83.9977	1
633	0	1	163.1	77.199	1
634	0	1	156.517	74.3095	1
635	0	1	150.325	71.7603	1
636	0	1	145.571	71.0105	1
637	0	1	140.277	71.2973	1
638	0	1	137.09	72.4521	1
639	0	1	135.453	74.1191	1
640	0	1	131.191	77.3166	1
641	0	1	125.695	82.068	1
642	0	1	121.301	87.6642	1
643	0	1	116.635	92.9716	1
644	0	1	111.441	97.4892	1
645	0	1	107.29	101.952	1
646	0	1	102.822	106.227	1
647	0	1	97.6804	110.389	1
648	0	1	93.5091	114.393	1
649	0	1	89.5625	118.268	1
650	0	1	84.7597	122.018	1
651	0	1	80.8417	125.192	1
652	0	1	77.6103	128.259	1
653	0	1	71.7778	132.125	1
654	0	1	64.6323	135.142	1
655	0	1	59.726	136.758	1
656	0	1	52.3677	138.941	1
657	0	1	43.581	139.872	1
658	0	1	30.714	140.937	1
662	0	1	24	86.5	1
663	0	1	27.3738	84.2723	1
664	0	1	29.3391	82.7799	1
665	0	1	31.7601	81.339	1
666	0	1	34.3215	81.6507	1
667	0	1	34.3895	81.2448	1
668	0	1	34.0634	80.1305	1
669	0	1	34.4718	79.3748	1
670	0	1	35.2798	78.9982	1
671	0	1	37.045	77.9907	1
672	0	1	38.6122	77.5681	1
673	0	1	39.3536	77.4053	1
674	0	1	40.2232	77.7279	1
675	0	1	41.6241	77.83	1
676	0	1	42.8375	77.8135	1
677	0	1	43.9978	78.1994	1
678	0	1	45.4136	78.4083	1
679	0	1	46.806	78.082	1
680	0	1	48.2739	80.4531	1
681	0	1	50.1924	80.9855	1
682	0	1	52.0101	81.4638	1
683	0	1	53.031	82.0089	1
684	0	1	52.5544	82.3147	1
685	0	1	52.1879	82.8542	1
686	0	1	53.1731	83.4916	1
687	0	1	54.1032	84.0581	1
688	0	1	54.7672	83.7841	1
689	0	1	56.6665	83.5617	1
690	0	1	58.7608	83.5813	1
691	0	1	60.2544	83.4058	1
692	0	1	61.6082	83.965	1
693	0	1	62.5195	84.0325	1
694	0	1	64.6794	84.9123	1
698	0	1	86.8222	92.0223	1
699	0	1	91.8633	94.7775	1
700	0	1	94.8332	98.1981	1
701	0	1	99.4304	102.443	1
702	0	1	102.316	106.815	1
703	0	1	104.674	111.373	1
704	0	1	107.039	115.711	1
705	0	1	109.232	119.044	1
706	0	1	111.741	122.073	1
707	0	1	113.871	124.424	1
708	0	1	114.378	125.423	1
709	0	1	115.565	126.064	1
710	0	1	116.075	126.635	1
711	0	1	116.802	127.056	1
715	0	1	114.823	125.662	1
716	0	1	114.823	125.662	1
717	0	1	115.169	126.008	1
718	0	1	115.424	126.218	1
719	0	1	115.021	126.764	1
720	0	1	115.651	126.976	1
721	0	1	115.983	127.607	1
722	0	1	117.701	128.611	1
723	0	1	119.837	129.441	1
724	0	1	127.546	130.52	1
725	0	1	133.706	131.396	1
726	0	1	138.905	132.263	1
727	0	1	142.673	133.917	1
728	0	1	144.679	135.456	1
729	0	1	148.339	139.687	1
730	0	1	150.164	142.421	1
731	0	1	151.878	145.141	1
732	0	1	154.608	148.336	1
733	0	1	157.018	150.89	1
734	0	1	159.322	153.835	1
735	0	1	161.753	156.839	1
736	0	1	167.12	161.233	1
737	0	1	171.831	164.625	1
738	0	1	174.538	166.105	1
739	0	1	176.218	167.389	1
740	0	1	179.304	169.175	1
741	0	1	180.544	169.836	1
742	0	1	180.714	168.811	1
743	0	1	180.267	167.866	1
744	0	1	180.492	166.386	1
745	0	1	180.748	164.441	1
746	0	1	181.636	162.731	1
750	0	1	164.936	151.849	1
751	0	1	160.696	148.491	1
752	0	1	160.25	148.115	1
753	0	1	157.082	145.708	1
754	0	1	153.767	142.786	1
755	0	1	153.378	141.246	1
756	0	1	153.436	139.743	1
757	0	1	151.266	137.491	1
758	0	1	151.122	136.221	1
759	0	1	150.915	135.598	1
760	0	1	150.971	135.017	1
764	0	1	146.241	131.284	1
765	0	1	145.962	129.955	1
766	0	1	146.272	129.375	1
767	0	1	151.787	128.591	1
768	0	1	152.083	128.556	0
769	0	1	160.552	126.873	1
770	0	1	165.081	126.076	1
771	0	1	166.736	126.513	1
772	0	1	168.638	127.97	1
773	0	1	169.701	129.087	1
774	0	1	172.235	131.845	1
775	0	1	173.999	133.633	1
776	0	1	176.13	135.647	1
777	0	1	179.107	138.137	1
778	0	1	181.776	140.513	1
779	0	1	184.188	142.694	1
780	0	1	186.24	144.546	1
781	0	1	187.331	145.85	1
782	0	1	189.799	147.733	1
783	0	1	190.648	148.526	1
784	0	1	190.916	149.099	1
785	0	1	191.867	150.415	1
786	0	1	193.562	151.215	1
790	0	1	169.52	149.415	1
791	0	1	166.545	148.354	1
792	0	1	163.492	148.025	1
793	0	1	161.361	147.984	1
794	0	1	158.546	148.27	1
798	0	1	161.472	151.389	1
799	0	1	162.468	152.082	1
800	0	1	163.401	153.526	1
801	0	1	164.561	155.569	1
802	0	1	164.76	159.769	1
803	0	1	164.977	161.977	1
804	0	1	166.552	164.914	1
805	0	1	168.592	166.695	1
806	0	1	170.454	169.536	1
807	0	1	172.937	172.813	1
808	0	1	178.837	175.553	1
809	0	1	186.652	177.824	1
810	0	1	192.573	178.311	1
811	0	1	196.711	178.517	1
812	0	1	200.061	178.703	1
813	0	1	203.712	179.311	1
814	0	1	205.932	179.753	1
815	0	1	207.311	180.131	1
816	0	1	208.519	179.802	1
817	0	1	210.147	179.427	1
818	0	1	211.881	178.656	1
819	0	1	212.566	177.753	1
820	0	1	210.993	177.027	1
821	0	1	208.93	175.471	1
822	0	1	207.6	173.943	1
823	0	1	206.885	172.98	1
824	0	1	206.799	172.429	1
825	0	1	206.065	172.432	1
826	0	1	205.452	172.791	1
827	0	1	204.45	173.628	1
828	0	1	203.882	174.258	1
829	0	1	203.642	174.254	1
830	0	1	203.176	174.46	1
831	0	1	202.951	174.875	1
832	0	1	205.817	175.71	1
833	0	1	207.862	175.025	1
834	0	1	212.061	174.298	1
835	0	1	215.886	174.135	1
836	0	1	217.293	173.488	1
837	0	1	221.951	175.128	1
838	0	1	225.993	178.081	1
839	0	1	228.646	180.142	1
840	0	1	233.091	182.957	1
841	0	1	237.105	185.721	1
842	0	1	240.628	188.278	1
843	0	1	246.579	190.922	1
844	0	1	253.085	192.216	1
845	0	1	257.104	192.796	1
846	0	1	262.677	193.496	1
847	0	1	268.9	193.83	1
848	0	1	272.127	193.169	1
849	0	1	275.531	191.749	1
850	0	1	278.374	190.892	1
851	0	1	280.844	189.523	1
852	0	1	280.691	188.37	1
853	0	1	282.276	187.762	1
854	0	1	283.926	186.151	1
855	0	1	284.587	183.372	1
856	0	1	288.243	179.186	1
860	0	1	286.711	155.836	1
861	0	1	286	151.138	1
862	0	1	285.001	146.122	1
863	0	1	286.581	140.972	1
864	0	1	288.384	136.772	1
865	0	1	288.973	131.654	1
866	0	1	289.032	127.006	1
867	0	1	289.001	127.028	1
868	0	1	289.416	127.309	1
869	0	1	289.439	127.305	0
870	0	1	280.174	125.919	1
871	0	1	280.897	121.127	1
872	0	1	283.885	116.245	1
873	0	1	284.811	110.602	1
874	0	1	285.5	106.118	1
875	0	1	286.746	101.988	1
876	0	1	287.991	98.7421	1
877	0	1	288.186	95.2992	1
878	0	1	287.634	93.2062	1
879	0	1	288.168	90.5629	1
880	0	1	289.372	88.4318	1
881	0	1	289.299	88.2014	1
882	0	1	290.159	87.1218	1
883	0	1	290.626	86.1229	1
884	0	1	290.585	84.6256	1
885	0	1	290.227	83.3159	1
886	0	1	290.209	83.2673	0
887	0	1	288.044	84.3769	1
892	0	1	306.424	65.5697	1
893	0	1	308.315	61.8841	1
894	0	1	309.085	58.2528	1
895	0	1	311.904	54.9712	1
896	0	1	314.347	51.4118	1
897	0	1	312.754	48.1121	1
898	0	1	306.789	43.7717	1
899	0	1	303.728	37.0847	1
900	0	1	300.051	30.6882	1
901	0	1	296.841	26.938	1
902	0	1	293.688	24.3862	1
903	0	1	292.541	22.9961	1
904	0	1	292.231	22.7154	1
905	0	1	291.76	23.5501	1
906	0	1	291.009	25.5625	1
907	0	1	291.687	27.5988	1
911	0	1	306.647	38.0639	1
912	0	1	307.941	40.8206	1
913	0	1	310.332	43.97	1
914	0	1	313.339	47.9232	1
915	0	1	314.982	51.8602	1
916	0	1	316.617	56.522	1
917	0	1	317.971	60.7155	1
918	0	1	322.265	67.356	1
919	0	1	324.337	71.9617	1
920	0	1	327.13	75.8515	1
921	0	1	329.371	78.5058	1
922	0	1	332.272	81.3686	1
923	0	1	334.031	83.5823	1
924	0	1	335.5	85.5074	1
925	0	1	338.545	87.9654	1
926	0	1	343.119	92.5436	1
927	0	1	348.113	98.0098	1
928	0	1	354.756	105.327	1
929	0	1	363.707	115.605	1
930	0	1	368.148	122.865	1
931	0	1	372.111	129.886	1
932	0	1	376.565	137.887	1
933	0	1	379.282	145.879	1
934	0	1	383.067	154.82	1
935	0	1	386.263	163.309	1
936	0	1	388.56	175.201	1
937	0	1	390.539	184.704	1
938	0	1	393.094	190.741	1
939	0	1	394.709	192.068	1
940	0	1	396.097	192.843	1
941	0	1	397.238	193.988	1
942	0	1	398.389	194.773	1
943	0	1	397.898	193.417	1
944	0	1	398.094	192.723	1
945	0	1	396.813	191.246	1
946	0	1	395.468	189.966	1
947	0	1	395.464	189.654	1
948	0	1	396.204	189.517	1
949	0	1	396.358	188.959	1
950	0	1	396.162	188.578	1
951	0	1	395.862	188.508	1
952	0	1	395.11	188.143	1
953	0	1	395.05	187.901	1
954	0	1	394.704	187.495	1
955	0	1	392.13	186.47	1
956	0	1	387.695	185.863	1
957	0	1	382.988	184.863	1
958	0	1	377.746	183.778	1
959	0	1	373.085	183.04	1
960	0	1	369.569	182.482	1
961	0	1	365.832	182.296	1
962	0	1	363.531	181.87	1
963	0	1	361.581	181.524	1
964	0	1	360.12	181.549	1
965	0	1	359.032	181.391	1
966	0	1	358.609	181.086	1
967	0	1	357.258	181.063	1
968	0	1	356.307	181.169	1
969	0	1	355.06	181.082	1
970	0	1	352.299	181.361	1
971	0	1	347.305	182.571	1
972	0	1	343.003	183.936	1
973	0	1	339.96	185.081	1
974	0	1	335.442	187.012	1
975	0	1	329.305	189.845	1
976	0	1	325.467	191.452	1
977	0	1	322.651	192.429	1
978	0	1	317.937	194.208	1
979	0	1	313.363	195.335	1
980	0	1	309.399	196.165	1
981	0	1	305.38	196.385	1
982	0	1	302.125	196.177	1
983	0	1	299.376	196.026	1
984	0	1	295.888	195.135	1
985	0	1	292.434	194.255	1
986	0	1	291.051	192.97	1
987	0	1	288.303	191.743	1
988	0	1	287.115	190.749	1
989	0	1	286.751	189.357	1
990	0	1	286.738	189.293	0
991	0	1	286.741	189.31	0
992	0	1	291.695	184.955	1
993	0	1	293.379	183.334	1
994	0	1	296.269	181.457	1
995	0	1	298.515	179.937	1
996	0	1	300.502	178.47	1
997	0	1	301.681	177.653	1
1001	0	1	307.564	173.226	1
1002	0	1	308.981	172.188	1
1003	0	1	308.568	170.503	1
1004	0	1	307.084	168.358	1
1005	0	1	302.135	165.044	1
1006	0	1	299.363	161.975	1
1007	0	1	297.214	157.842	1
1008	0	1	295.477	153.971	1
1009	0	1	295.412	153.82	0
1010	0	1	292.158	149.24	1
1011	0	1	291.823	148.746	1
1012	0	1	291.541	147.433	1
1013	0	1	290.129	144.231	1
1014	0	1	289.482	142.558	1
1015	0	1	287.815	140.858	1
1016	0	1	284.928	138.866	1
1017	0	1	283.201	137.464	1
1018	0	1	282.248	135.522	1
1019	0	1	281.747	134.691	1
1020	0	1	278.4	132.982	1
1021	0	1	275.213	131.464	1
1022	0	1	275.508	128.869	1
1023	0	1	278.933	125.583	1
1024	0	1	282.274	122.829	1
1025	0	1	283.437	118.35	1
1026	0	1	283.794	112.385	1
1027	0	1	285.005	108.633	1
1028	0	1	285.067	108.512	0
1029	0	1	285.051	108.545	0
1030	0	1	289.334	99.2676	1
1031	0	1	291.015	95.4837	1
1032	0	1	292.092	93.2511	1
1033	0	1	293.073	90.7581	1
1041	0	1	274.169	62.0411	1
1042	0	1	276.629	60.3131	1
1043	0	1	279.051	58.4446	1
1044	0	1	281.05	56.1208	1
1045	0	1	281.471	51.5198	1
1049	0	1	287.171	45.3395	1
1050	0	1	291.047	42.1955	1
1051	0	1	288.355	42.7182	1
1052	0	1	292.427	41.1448	1
1053	0	1	296.177	39.9365	1
1054	0	1	297.298	39.6631	1
1055	0	1	301.055	38.0559	1
1056	0	1	302.146	37.8695	1
1057	0	1	303.511	38.2403	1
1058	0	1	306.026	38.9914	1
1059	0	1	307.001	41.0504	1
1060	0	1	306.798	43.6676	1
1064	0	1	321.975	66.1158	1
1065	0	1	327.336	73.562	1
1066	0	1	330.472	80.4118	1
1067	0	1	333.742	87.7264	1
1068	0	1	336.345	94.6104	1
1069	0	1	338.654	102.107	1
1070	0	1	341.669	112.658	1
1071	0	1	345.323	122.563	1
1072	0	1	348.813	132.196	1
1073	0	1	351.528	142.252	1
1074	0	1	355.492	151.236	1
1075	0	1	358.455	158.615	1
1076	0	1	359.303	166.14	1
1077	0	1	358.372	171.636	1
1078	0	1	358.726	178.72	1
1079	0	1	359.233	185.169	1
1080	0	1	358.483	191.271	1
1081	0	1	358.313	192.174	1
1082	0	1	358.374	191.944	1
1083	0	1	358.751	193	1
1084	0	1	358.505	193.354	1
1085	0	1	358.081	193.191	1
1086	0	1	357.753	193.353	1
1087	0	1	357.676	193.139	1
1088	0	1	358.1	193.216	1
1089	0	1	358.869	193.64	1
1090	0	1	358.34	193.245	1
1091	0	1	358.375	193.663	1
1092	0	1	358.911	194.713	1
1093	0	1	359.345	194.842	1
1094	0	1	359.504	194.763	1
1095	0	1	359.624	194.953	1
1096	0	1	359.916	195.066	1
1097	0	1	361.375	195.5	1
1098	0	1	362.486	196.023	1
1099	0	1	365.325	195.991	1
1100	0	1	369.856	195.601	1
1101	0	1	373.927	194.709	1
1102	0	1	377.272	193.658	1
1103	0	1	379.377	193.03	1
1104	0	1	381.325	192.285	1
1105	0	1	385.312	191.234	1
1106	0	1	388.634	190.476	1
1107	0	1	390.491	190.078	1
1108	0	1	394.211	190.348	1
1109	0	1	400.574	191.584	1
1110	0	1	405.6	192.333	1
1111	0	1	410.461	193.115	1
1112	0	1	413.664	193.632	1
1113	0	1	417.344	193.74	1
1114	0	1	420.353	194.057	1
1115	0	1	421.446	194.832	1
1116	0	1	421.609	195.367	1
1117	0	1	421.754	196.231	1
1118	0	1	421.636	196.802	1
1119	0	1	422.033	196.519	1
1120	0	1	422.318	196.128	1
1121	0	1	424.333	195.22	1
1125	0	1	422	183.5	1
1126	0	1	422.728	181.374	1
1127	0	1	422.5	180.002	1
1128	0	1	422.011	178.773	1
1129	0	1	421.977	177.772	1
1130	0	1	422.005	176.782	1
1134	0	1	417.988	180.843	1
1135	0	1	420.04	182.977	1
1136	0	1	422.92	185.538	1
1137	0	1	427.172	189.805	1
1138	0	1	429.462	192.379	1
1139	0	1	432.143	193.991	1
1140	0	1	433.611	194.738	1
1141	0	1	433.686	194.872	1
1142	0	1	433.544	194.743	1
1143	0	1	433.404	194.805	1
1144	0	1	433.475	195.148	1
1145	0	1	434.057	195.454	1
1146	0	1	434.977	195.618	1
1147	0	1	432.234	195.31	1
1148	0	1	429.236	194.646	1
1149	0	1	426.68	194.485	1
1150	0	1	424.945	194.625	1
1151	0	1	424.507	194.959	1
1152	0	1	423.768	195.31	1
1153	0	1	422.938	195.437	1
1154	0	1	422.423	195.502	1
1155	0	1	421.254	195.087	1
1156	0	1	420.386	194.778	1
1157	0	1	419.396	194.721	1
1158	0	1	418.38	194.728	1
1159	0	1	417.403	194.555	1
1160	0	1	416.393	194.711	1
1161	0	1	414.766	194.855	1
1162	0	1	413.626	194.966	1
1166	0	1	398.238	192.702	1
1167	0	1	395.795	192.037	1
1168	0	1	390.555	191.093	1
1169	0	1	386.802	190.04	1
1170	0	1	382.854	188.775	1
1171	0	1	380.658	187.503	1
1172	0	1	379.084	186.638	1
1173	0	1	377.916	186.081	1
1174	0	1	376.623	185.801	1
1175	0	1	377.01	185.057	1
1176	0	1	378.616	183.776	1
1177	0	1	379.166	183.006	1
1178	0	1	379.971	182.018	1
1179	0	1	380.346	180.937	1
1180	0	1	380.714	180.019	1
1181	0	1	381.124	179.373	1
1182	0	1	381.911	178.559	1
1183	0	1	384.961	177.923	1
1184	0	1	385.701	177.371	1
1185	0	1	387.737	177.476	1
1186	0	1	394.065	178.587	1
1187	0	1	399.196	179.64	1
1188	0	1	403.2	180.844	1
1189	0	1	406.402	182.223	1
1190	0	1	408.2	183.608	1
1191	0	1	412.017	185.576	1
1192	0	1	413.831	186.662	1
1193	0	1	414.025	187.422	1
1194	0	1	414.846	188.273	1
1195	0	1	416.061	189.371	1
1196	0	1	415.606	189.329	1
1197	0	1	413.766	189.388	1
1198	0	1	410.992	190.377	1
1199	0	1	408.52	190.092	1
1200	0	1	405.366	189.935	1
1201	0	1	402.523	189.852	1
1202	0	1	400.696	189.909	1
1203	0	1	399.479	189.778	1
1204	0	1	396.795	190.449	1
1205	0	1	394.305	190.933	1
1206	0	1	392.173	191.295	1
1207	0	1	390.047	191.468	1
1208	0	1	388.292	191.732	1
1209	0	1	386.397	192.224	1
1210	0	1	384.758	192.44	1
1211	0	1	382.98	192.241	1
1212	0	1	381.314	191.791	1
1213	0	1	379.04	192.094	1
1214	0	1	378.293	191.203	1
1215	0	1	377.412	190.575	1
1216	0	1	375.034	190.516	1
1217	0	1	372.791	190.095	1
1221	0	1	404.416	185.856	1
1222	0	1	410.984	184.785	1
1223	0	1	416.5	183.712	1
1224	0	1	420.092	182.679	1
1225	0	1	422.375	181.656	1
1226	0	1	424.12	180.669	1
1227	0	1	426.308	179.867	1
1228	0	1	428.797	179.145	1
1229	0	1	430.997	178.346	1
1230	0	1	430.997	177.057	1
1231	0	1	432.031	176.449	1
1232	0	1	432.236	175.89	1
1233	0	1	433.057	176.118	1
1234	0	1	432.569	176.649	1
1235	0	1	432.633	177.28	1
1236	0	1	431.484	178.346	1
1237	0	1	427.475	180.619	1
1238	0	1	419.288	183.685	1
1239	0	1	412.213	186.591	1
1240	0	1	407.744	188.999	1
1241	0	1	403.03	192.168	1
1242	0	1	399.854	195.11	1
1243	0	1	397.803	196.752	1
1244	0	1	396.212	197.264	1
1245	0	1	394.844	198.293	1
1246	0	1	393.568	198.727	1
1247	0	1	392.078	199.269	1
1248	0	1	391.186	199.943	1
1249	0	1	390.115	199.503	1
1250	0	1	387.584	198.648	1
1251	0	1	385.004	197.401	1
1252	0	1	383.461	196.001	1
1253	0	1	382.477	194.238	1
1259	0	1	382.362	169.351	1
1260	0	1	381.935	167.924	1
1261	0	1	385.096	163.419	1
1262	0	1	390.654	155.605	1
1263	0	1	394.405	149.99	1
1266	0	1	403.626	137.469	1
1267	0	1	401.199	135.064	1
1268	0	1	401.031	132.317	1
1269	0	1	401.34	129.483	1
1270	0	1	401.222	126.74	1
1271	0	1	401.189	126.555	1
1272	0	1	399.802	124.208	1
1273	0	1	395.478	121.991	1
1274	0	1	393.218	118.302	1
1275	0	1	391.128	114.764	1
1276	0	1	390.932	112.244	1
1277	0	1	388.963	109.961	1
1278	0	1	386.29	108.11	1
1279	0	1	385.289	106.394	1
1280	0	1	385.42	104.06	1
1281	0	1	385.623	101.944	1
1282	0	1	385.31	100.974	1
1283	0	1	384.035	99.2733	1
1284	0	1	382.686	97.4758	1
1285	0	1	381.698	97.298	1
1286	0	1	381.177	96.745	1
1287	0	1	381.417	95.9761	1
1288	0	1	381.472	95.5295	1
1289	0	1	380.709	94.3534	1
1290	0	1	379.141	93.0817	1
1291	0	1	380.792	91.2852	1
1292	0	1	383.39	88.9917	1
1293	0	1	383.205	85.9968	1
1294	0	1	382.368	82.7257	1
1295	0	1	382.131	80.6845	1
1299	0	1	383.611	78.5287	1
1300	0	1	386.586	75.3171	1
1301	0	1	388.207	73.256	1
1302	0	1	389.498	71.5622	1
1303	0	1	393.104	68.2384	1
1304	0	1	394.347	66.1997	1
1305	0	1	396.889	62.5651	1
1306	0	1	397.785	60.6205	1
1307	0	1	399.251	58.3116	1
1308	0	1	401.624	55.7078	1
1309	0	1	402.585	53.9024	1
1310	0	1	404.085	51.9765	1
1311	0	1	404.66	50.766	1
1312	0	1	405.033	50.0966	1
1313	0	1	406.053	49.2198	1
1314	0	1	408.347	48.1847	1
1315	0	1	410.653	47.0609	1
1316	0	1	413.088	46.6275	1
1317	0	1	414.804	46.5429	1
1321	0	1	421.755	54.396	1
1322	0	1	422.146	57.3244	1
1323	0	1	421.571	63.0968	1
1324	0	1	419.485	69.537	1
1325	0	1	417.668	73.6375	1
1326	0	1	416.012	76.0646	1
1327	0	1	413.169	77.9782	1
1328	0	1	411.006	79.6829	1
1329	0	1	408.399	82.8956	1
1330	0	1	405.767	86.3204	1
1331	0	1	403.265	87.8282	1
1332	0	1	401.034	89.4294	1
1333	0	1	397.658	92.108	1
1334	0	1	394.379	94.465	1
1338	0	1	369.17	105.984	1
1339	0	1	365.354	108.733	1
1340	0	1	361.657	111.948	1
1341	0	1	357.038	116.791	1
1342	0	1	355.576	119.757	1
1343	0	1	354.953	121.927	1
1344	0	1	354.368	124.136	1
1345	0	1	354.043	125.978	1
1346	0	1	353.458	127.833	1
1347	0	1	353.068	129.555	1
1348	0	1	352.787	130.917	1
1349	0	1	351.876	132.38	1
1350	0	1	350.619	134.253	1
1351	0	1	350.651	135.669	1
1352	0	1	351.195	137.831	1
1353	0	1	354.824	140.239	1
1354	0	1	360.19	143.373	1
1355	0	1	365.168	146.873	1
1356	0	1	368.257	149.325	1
1357	0	1	370.86	152.035	1
1358	0	1	373.51	155.237	1
1359	0	1	378.678	160.452	1
1360	0	1	381.484	164.097	1
1361	0	1	384.308	167.102	1
1362	0	1	387.177	169.678	1
1363	0	1	390.046	172.176	1
1364	0	1	392.116	174.056	1
1365	0	1	393.613	175.747	1
1366	0	1	395.452	177.109	1
1367	0	1	398.266	178.381	1
1368	0	1	399.999	178.711	1
1372	0	1	397.857	180.942	1
1373	0	1	396.862	183.471	1
1374	0	1	395.244	184.926	1
1375	0	1	393.403	187.166	1
1376	0	1	391.226	191.116	1
1377	0	1	390.094	195.617	1
1378	0	1	389.469	196.021	1
1379	0	1	387.516	196.905	1
1380	0	1	385.786	197.28	1
1381	0	1	384.535	198.386	1
1385	0	1	362.865	188.311	1
1386	0	1	359.625	186.361	1
1387	0	1	357.441	185.464	1
1388	0	1	356.776	185.093	1
1396	0	1	366.81	155.282	1
1397	0	1	367.056	152.273	1
1398	0	1	367.514	150.076	1
1399	0	1	368.652	147.427	1
1400	0	1	368.709	145.603	1
1401	0	1	368.64	145.58	1
1402	0	1	366.841	143.844	1
1403	0	1	366.571	141.728	1
1404	0	1	366.741	140.202	1
1405	0	1	366.224	139.054	1
1421	0	1	321.452	112.237	1
1422	0	1	318.479	111.623	1
1423	0	1	315.769	111.863	1
1424	0	1	315.403	111.969	1
1425	0	1	314.553	111.253	1
1426	0	1	311.095	111.231	1
1427	0	1	307.476	111.232	1
1428	0	1	305.165	112.298	1
1429	0	1	304.809	112.783	1
1430	0	1	303.632	113.168	1
1434	0	1	287.352	119.118	1
1435	0	1	279.51	122.429	1
1436	0	1	271.519	126.301	1
1437	0	1	267.186	129.464	1
1438	0	1	262.68	133.334	1
1439	0	1	258.867	136.982	1
